221228 51
1707194 60
288321 12
563120 34
66710 27
566273 54
150842 67
517203 98
169912 52
898929 61
1418341 83
313229 41
195372 63
538837 29
469092 17
33300 29
1533467 95
2154972 8
1282 92
1232263 78
751119 70
475939 85
108162 6
959829 39
1280272 52
470806 98
1095363 26
252440 41
41593 34
663307 4
1489888 31
262974 81
1161679 62
258748 79
1279192 19
1000102 88
95500 19
391574 76
270821 20
620899 100
943444 80
1217803 10
325396 29
364862 30
1931860 86
1751076 40
506193 35
2211200 39
269984 80
1023835 2
50713 26
555853 32
1754811 70
155711 100
438368 99
221519 97
144904 61
406442 59
202814 32
2377 79
24902 38
715617 8
103377 71
240759 67
748039 51
434436 93
1394076 68
316812 6
873824 50
2541430 73
128413 21
1076148 57
340094 51
1178383 39
288485 59
346299 44
886762 39
247339 61
149820 99
502770 89
197396 34
555243 8
257875 58
355720 86
257059 42
648006 54
349436 67
1294133 82
474361 2
1252085 74
1944740 55
1205123 49
186530 23
134208 13
466982 54
1223144 18
834245 51
2267972 58
320814 64
752404 35
1080799 14
1563976 19
340856 56
1232387 83
728014 96
688875 79
1318520 57
339560 20
1214557 78
153852 23
1990495 54
92772 92
695552 75
1719980 86
466424 40
382244 44
569561 89
606089 4
18617 36
2003873 11
1108508 96
45829 42
1288424 99
1742991 60
362293 86
1055374 59
459361 19
104492 3
83726 13
435188 50
44054 98
2560925 4
821840 73
70963 12
1692371 90
292135 72
589583 35
163469 29
381264 27
2445350 67
937542 91
1879260 42
2131176 53
756078 33
232771 35
1410960 58
1144843 91
1034031 57
166310 22
85740 17
1875987 26
260221 58
37322 27
58292 100
775786 15
1186207 9
1813032 68
179485 79
860266 73
1066256 27
140283 55
902461 26
466549 47
1223140 85
495517 99
1325854 62
1123046 40
250822 18
2006638 3
540447 42
381149 63
298968 45
1602676 60
1202661 19
106661 14
967064 90
1427490 51
653569 41
600007 42
920591 56
1127618 32
272250 81
965904 15
238451 41
200244 72
1050434 67
81842 82
1068942 21
966499 100
2089446 29
1458099 52
1481176 87
405743 2
1110878 86
501320 48
59126 58
2209254 18
1769663 77
1500873 80
86319 21
924936 46
474768 85
296040 12
491505 69
269192 53
1022753 73
198259 54
683141 49
563264 2
1300431 65
336460 74
16905 77
1605273 33
298994 80
1070031 37
336326 4
1101610 3
226687 90
1225050 92
844400 4
1286196 55
716176 84
322818 69
301735 34
725978 11
119116 29
45178 6
620049 37
1083318 17
806241 31
1309179 70
757313 29
1263662 70
4601 53
573106 74
811958 12
700662 89
1423615 81
900208 34
127042 49
237035 51
606353 99
959137 21
305213 95
1992192 30
287771 64
1774820 26
231168 18
5131 80
276957 22
24657 87
509785 48
1836644 61
48297 40
164426 62
281713 43
1218134 83
828233 82
209751 50
892651 4
1169562 40
667608 89
755019 98
659430 2
419434 55
100390 62
1309156 3
2024130 29
1085279 75
18546 1
2278746 24
726401 82
831189 5
783041 36
219593 82
436830 12
1296567 3
376319 95
738055 76
414176 62
585803 3
464259 94
1198658 87
595898 10
266643 29
641156 29
772175 65
211369 28
17193 90
1186105 88
391938 56
352866 64
461697 97
44705 92
1205554 29
1106565 63
927162 23
983023 53
90080 60
171741 37
928814 62
1035001 89
879867 84
98738 53
416270 27
1068870 32
271648 76
227218 19
1103386 69
581956 3
1532605 89
1992338 83
1021285 48
13444 81
1505991 78
334481 60
226562 58
39941 68
249223 63
219959 76
304785 2
1166780 74
693022 29
53711 76
163012 7
903610 70
1022043 87
786379 6
1261436 34
743261 45
848507 75
1896578 86
1458328 66
41893 45
1175308 97
19708 98
826640 6
1093276 98
135998 14
350240 19
462354 53
1128957 48
763381 3
1327185 2
839429 49
1095760 3
2103677 50
398041 71
1212090 43
2176010 56
684795 79
1351598 88
627259 18
378649 21
760202 89
400616 22
22976 68
1405661 45
549461 73
1158148 57
1149073 25
1582719 95
956733 10
558214 15
1298359 50
1627672 73
2475291 86
961716 84
164159 9
19167 50
885741 19
1241196 24
1077741 69
673378 76
653727 97
1718368 79
24656 16
297325 61
501036 12
1722058 74
1624 21
1878965 70
1365114 30
181887 62
702258 71
884992 11
601006 92
1140774 17
479578 93
310656 5
735954 76
629976 21
470314 45
714531 21
1765918 35
465226 79
263473 57
301240 71
271813 33
169789 36
1154091 39
2054304 63
1517510 98
605914 89
183739 85
1293088 15
173958 92
178386 63
1847894 16
1596579 41
758475 39
13707 78
793085 15
515055 56
1673705 5
121793 68
247216 34
716585 77
588381 4
999777 83
392383 15
543107 13
1172893 69
347749 73
2286514 41
228341 8
607228 82
549119 10
1014958 72
1258154 58
2378705 60
284238 86
81500 61
290016 68
1586177 41
808106 84
765453 10
13275 22
81322 5
356438 20
548021 67
413293 17
756761 19
2192860 6
684821 29
550489 45
707316 59
796174 78
2124449 72
2181357 62
1660516 78
894643 35
173125 83
124111 99
443499 43
297086 42
537534 84
749216 7
1062119 13
446889 57
417915 81
1921620 44
826091 35
243830 97
1486195 83
121333 41
1249552 62
292643 5
756457 58
1929656 20
438951 31
985795 88
163329 3
1740467 1
2035595 37
988484 44
1025392 60
1464165 22
746506 22
573449 83
1112998 88
420875 58
59384 85
1150109 43
928003 90
1470820 38
93477 64
543434 24
1633738 24
855378 33
2010255 77
164444 12
753496 17
163069 44
1752032 72
273089 42
2187924 79
457036 51
881087 49
1311565 24
460359 93
1121643 85
164376 6
1282686 86
25363 41
1375980 71
552160 98
511173 15
737832 97
50248 40
513206 17
697874 58
32322 78
521571 37
436430 46
514789 37
786396 40
1543832 58
454243 45
1803835 22
2191685 11
151147 88
1693012 75
639352 28
281623 83
1747558 49
837983 51
162835 25
47243 89
898378 26
506741 22
800695 59
113848 69
55444 63
205910 31
1620814 96
285414 21
452679 23
1021367 45
545662 32
69041 58
40028 4
188515 81
152094 19
901013 21
276762 96
1324096 49
301292 97
808641 46
141305 17
451403 100
364337 30
694983 77
1585077 94
169441 93
1236918 47
809522 33
245269 87
412980 96
1585422 4
2265308 61
86053 67
872469 38
148647 41
296876 53
704240 97
2554331 66
1528007 58
744396 16
1593934 52
9500 45
23522 58
264868 93
418728 39
1362705 9
577986 30
1103804 60
1294332 16
321096 60
1284564 30
514180 72
1295324 55
1726659 47
2031519 8
653050 20
111332 66
172918 14
1937929 82
165557 75
1681681 2
601208 49
148011 46
301912 87
91610 29
142449 33
717473 42
104415 90
642455 58
108038 96
1462757 14
2039 82
400123 29
1135469 76
17710 61
239692 94
276332 95
794089 90
1262647 34
2306556 91
1589226 21
84630 40
878166 23
253346 92
557069 23
808889 59
1328253 40
605121 15
560915 18
1253857 6
133664 35
313297 80
1934645 3
5666 8
796603 90
808162 74
1171835 34
305493 50
876405 23
901747 19
505997 58
851609 22
261338 91
703242 89
355523 27
667402 82
44344 3
247250 45
993349 100
1429292 53
1153040 51
389373 76
989105 82
1147310 1
2234110 34
369690 35
133819 66
319754 89
371571 35
84996 3
512581 5
343824 8
190055 15
814027 1
1211527 3
567138 18
352069 19
882526 74
817329 63
448884 65
1569310 18
299801 51
390564 25
469494 56
1937627 48
948640 50
749623 48
139602 62
738508 17
1064576 59
138058 4
67739 28
166062 23
6574 23
883682 8
1904610 30
579701 76
151811 5
246845 67
141856 62
694324 15
869163 16
1885074 61
240591 3
92343 75
1181579 75
1244743 55
454683 96
1192947 51
934161 91
45882 8
463430 87
201108 87
56071 58
677868 14
375781 78
611354 67
717451 41
96815 51
606423 47
321611 38
64158 67
339146 80
150462 30
1535980 31
1763505 8
290790 66
599530 83
1417725 51
762446 50
12691 64
1151911 9
693674 45
898680 70
503020 47
567612 13
229916 33
355688 39
850638 51
2281142 36
201358 1
1179899 61
294839 47
38229 75
735087 52
1223440 76
1133263 7
1230742 89
113163 72
882159 25
84797 16
358744 4
1635781 60
951696 3
406740 74
568493 5
1790691 70
931207 73
47817 25
599640 26
1576179 21
789108 40
596220 61
1309291 23
325861 62
614649 79
144674 97
68136 17
1369601 8
196250 68
77860 92
123680 100
292569 2
1226816 89
742675 73
55432 7
1590993 68
730764 37
469901 51
553645 13
820599 71
1693220 76
1822068 69
862305 97
300333 69
399237 22
94235 79
31187 91
803051 19
100209 47
1038501 8
10946 6
421248 5
564262 8
415657 26
1109246 60
470016 42
1850132 20
432549 96
1064213 12
200345 57
23973 65
18588 59
559928 25
1576198 67
630457 91
1094631 44
87204 36
410954 36
370789 15
779006 68
1861250 84
153064 26
431612 17
452699 27
428338 96
1298583 28
158230 77
1197555 84
256870 80
1665438 98
502714 47
490261 36
451121 47
2005045 85
1400648 42
1595321 62
773254 30
52278 35
660359 82
818737 53
798058 91
1384187 89
120309 8
850508 94
490167 48
192787 92
706983 97
1587627 96
932840 31
712057 96
1213107 6
931390 53
317023 51
1923960 94
332107 19
172449 28
1890857 33
191520 39
1303250 29
967571 37
411685 16
228369 8
2346561 90
114373 11
219290 17
1198657 80
1012605 41
280941 64
1981656 18
123255 40
937698 85
184454 52
919433 90
2231541 54
2030977 40
1468068 51
712313 34
297599 86
509883 13
1634428 88
326858 87
323729 22
694228 45
1780576 22
94285 78
910663 46
1894868 82
323132 74
918248 58
199403 13
145336 69
960376 75
807422 2
209291 81
789162 30
489024 82
144256 54
1077442 52
301477 38
1346451 90
605278 75
797897 13
323992 4
1233711 51
908076 89
579889 40
685890 63
1795339 31
619771 22
202287 13
605305 27
621830 53
886159 79
1631435 37
249880 58
998345 15
45450 48
69280 61
2058157 66
602856 27
562116 83
1196121 67
1677620 21
1107493 17
367291 41
1455439 58
322317 52
172022 93
411205 42
1015678 9
490954 69
1414968 19
160982 94
285998 69
531729 17
318356 54
1350786 100
861094 11
1695247 49
516896 62
1747334 44
1035564 22
144027 42
333991 29
422491 88
231277 8
1096993 31
716957 89
220400 14
647769 15
1415412 12
1949963 23
171569 20
2292891 12
1386690 87
486797 91
1435737 68
639326 96
120848 91
182496 57
395589 66
49307 79
933635 88
713586 27
1301700 28
244955 86
1461717 63
366384 50
956057 58
1085082 89
2000594 91
296775 47
1209025 75
773856 51
619998 15
1007699 24
103691 36
1107926 31
864582 30
523164 93
525256 20
981024 43
721208 96
209514 76
646219 9
193686 64
148166 90
485446 94
939619 20
673299 1
1124342 68
1461798 73
2280531 43
161176 53
137241 46
464611 6
137292 71
4034 50
170008 96
290336 48
66635 53
501593 71
790747 29
508417 10
1408894 9
458705 76
864049 50
2234938 48
506812 78
1637190 83
2031123 47
102970 59
871472 23
165467 60
321127 71
1804771 20
978813 20
1223778 91
1633129 58
976218 64
1514113 66
257088 21
575569 10
2250106 95
503769 1
176548 97
1053233 35
300199 45
967780 96
421730 50
1252317 44
632645 95
61853 48
197426 17
21777 78
54710 5
1298035 74
1049654 21
403135 38
1227143 89
476298 34
196828 97
23890 39
1237766 46
325380 64
450284 94
1555298 33
589316 37
328014 23
1634131 64
200032 43
1751653 62
1653169 98
106062 22
475819 56
216488 70
70846 93
221282 62
603974 57
885163 44
214871 90
805637 10
1332611 92
1063676 72
1854371 38
17675 41
312441 41
682758 37
649456 71
767972 9
538579 53
651952 35
743748 51
2060260 78
129137 3
280628 27
895584 70
1367544 5
601273 16
1102549 13
1947105 10
1393623 64
1089155 82
1241507 17
1095685 6
322858 82
387720 19
1209129 5
241885 56
660137 23
1449664 87
1213691 24
552305 9
1326845 11
145631 41
661835 97
1501428 99
1260200 28
1302655 59
925908 54
212994 5
713790 45
609310 99
1104499 81
86154 69
20354 92
290265 61
800184 36
659257 58
105080 5
922042 8
677600 59
112142 58
1001739 67
243217 18
1525507 25
546538 19
1045209 67
967605 28
150976 28
1654291 39
542498 4
578274 13
34588 25
105980 26
1845401 37
104365 93
1164447 4
1640646 57
99972 8
1823539 24
589903 52
1130272 29
756390 11
1683343 16
321854 90
8332 44
1355247 54
661659 1
95676 9
780038 92
154820 80
1181252 88
1216473 59
16834 73
446628 46
294620 8
1400207 23
197475 86
1360542 7
1327160 17
627397 53
1536824 5
653372 60
1272849 45
897698 63
1012618 69
625517 76
287266 48
599724 90
712746 54
1002408 5
741759 92
506269 49
163634 12
698697 7
37172 2
174434 15
1154039 30
901400 38
304437 85
154837 55
420195 4
1090142 98
312981 23
795144 93
1754137 49
380574 10
495389 72
1476613 43
529898 99
284331 57
1548700 71
2442797 31
900148 99
1644390 40
1812779 69
1728239 31
17489 68
1765662 75
651840 31
854134 21
544 2
886452 76
390322 70
1216932 61
1224618 95
1061321 53
78242 67
1086119 97
378721 51
523928 22
1212606 24
1104517 56
1039031 79
312204 44
2286310 33
273103 29
806701 68
124286 10
788456 17
235674 54
316491 32
233024 52
1082786 28
917084 74
521688 30
1413336 11
320052 22
29194 90
560729 63
3573 34
1060346 97
151713 3
1615066 58
25008 20
1946505 2
543716 97
1635398 46
52945 21
168953 60
726723 25
33192 35
428119 41
972272 19
1248284 63
112103 73
247937 15
11446 59
374993 57
1522530 40
236610 63
1419020 23
2086746 14
63390 63
778536 8
933756 4
966446 49
483927 72
448005 77
129431 55
665926 17
1365618 34
913971 62
363627 46
643221 2
466023 5
24071 31
434843 32
1277665 34
836164 33
508089 16
537797 63
2274765 58
258172 62
888816 38
182927 1
1125427 38
1951794 91
295267 80
585918 55
531303 43
189217 59
296738 93
1950514 44
156140 62
739245 83
105227 52
1097651 97
513982 16
710493 68
2137438 58
721458 12
892702 42
641887 88
644071 97
652685 72
69856 32
934755 70
598521 62
2366989 81
15861 40
260541 32
295059 41
617472 91
1043630 21
531983 58
895193 71
387157 47
337979 63
216680 42
1402877 94
2090 100
429945 46
65324 18
47801 20
481135 77
1472154 65
1563282 21
427566 97
507364 73
957083 66
265089 77
89706 78
620773 21
72054 10
1069402 24
717230 10
202291 18
407929 48
582149 33
822770 21
248628 40
130300 88
997573 57
650923 56
167310 77
587188 49
1542709 44
615344 2
411661 81
1399546 51
495018 88
18422 44
1278199 73
732939 90
55744 3
628075 84
490578 16
739822 83
413332 41
209327 94
1480952 59
395008 50
827186 97
125370 3
1045420 33
325838 84
805302 5
655505 78
257147 82
257541 45
1092240 23
139935 7
1376598 27
1312932 78
132688 84
340948 80
1045572 71
952495 16
1279425 51
364731 98
69591 39
1236026 7
42852 41
497002 47
501996 72
1112274 62
741105 76
494134 22
35867 46
831826 96
827164 72
763496 47
751976 36
551251 86
574398 16
1626143 68
676846 87
12320 80
1426554 73
933003 5
377014 61
1830376 46
747095 19
1001216 12
608306 34
62140 56
222230 68
134155 72
631696 95
1059373 5
13448 20
910121 60
492172 70
1010687 40
147978 19
144625 36
872871 100
447324 38
368070 70
131700 52
758967 28
156248 59
1196978 57
746462 4
1133626 37
807627 59
234815 61
2061349 56
2055780 44
6711 94
517992 96
1771432 95
401617 90
1343331 94
1429319 69
1502419 8
1061760 60
935565 74
254025 97
344401 97
1309767 11
205129 67
1104863 25
989634 57
204383 70
1716429 99
1170365 23
93296 21
1128898 84
106474 47
234185 50
83338 96
581643 60
1530978 32
868247 12
63535 100
321299 53
952031 49
1575728 93
2413532 65
401742 29
450373 3
276125 97
202876 47
2227940 75
1418780 4
1104161 57
1090264 20
1863188 34
1444776 35
1103253 93
423959 75
15354 60
627197 38
344560 62
374976 31
1718108 100
1887918 30
1238639 92
284045 7
591475 7
445939 62
1059162 56
895162 10
72314 86
201007 26
1436946 79
494371 58
1018263 25
856223 17
801418 46
1067990 33
1039589 47
554809 13
168181 68
1067073 34
467935 65
1894726 60
10171 87
1875739 93
989394 26
1238252 80
955197 16
1074047 31
962935 95
1135326 65
1253213 82
876619 94
1321664 55
1260556 73
1106683 96
669858 78
354231 87
236501 47
1360011 78
1267656 51
963242 48
364860 86
1572100 80
2266297 59
613162 98
719320 95
630963 44
1054646 35
159740 80
237820 27
421327 70
632725 100
485281 76
341258 93
135283 78
664300 49
505311 12
333458 2
1461309 29
1661244 76
349406 37
192544 62
1452133 9
458731 86
1928417 17
2370892 100
127954 48
571330 43
579404 56
127338 100
193902 82
658912 30
968002 49
1874653 49
861603 66
485549 86
393340 3
1697409 99
1027859 49
1006235 59
1163839 73
801948 32
1567232 72
219701 41
1671973 36
162069 99
404368 14
670253 61
532904 16
409983 37
287907 20
424700 26
333321 37
1964338 30
1451779 91
237151 54
1725296 73
848752 96
1106422 98
157834 67
82914 22
1508562 12
171291 61
1730440 44
1046165 7
569915 13
532268 58
1136731 69
1022206 68
235660 13
185334 94
1392304 19
1428901 61
758062 8
299354 2
237934 25
441411 19
316853 57
327214 35
263427 43
1294995 70
862828 83
760300 63
134310 56
330044 38
851633 88
406657 87
6759 99
1209014 33
134601 67
1372798 47
910133 14
1508704 48
414348 19
1205251 66
902821 80
726495 85
94418 99
2270881 12
1021899 55
454814 25
888364 74
616352 30
880962 75
1091993 55
644796 83
257686 91
1627914 92
143771 22
1053613 2
176870 9
919070 82
364108 61
699309 99
527454 27
721837 63
1488521 94
844561 96
1485691 16
355314 61
275335 4
806448 40
793671 1
218752 53
351636 90
60450 66
650581 6
1052071 62
1373855 43
313548 78
1036488 67
365192 8
1254995 78
521397 44
276215 29
509195 8
664030 69
670296 69
527660 38
761360 9
852104 93
287727 96
1413959 2
163112 53
155987 59
378957 18
1437295 72
774417 88
263913 65
1361145 10
311257 43
2544349 4
2337907 24
760964 79
156354 26
2357553 92
121126 24
1149606 73
1317227 63
223246 63
1986017 2
1078630 91
35866 44
823459 60
1082855 78
824974 3
444558 8
63157 99
73342 29
39378 20
1306690 29
821919 96
705969 46
726426 70
210217 82
165124 20
1187798 73
1028706 70
42920 8
817668 59
391222 2
558050 66
123715 2
1676891 45
2154489 38
844823 7
368812 25
1027299 69
794700 56
347476 4
47785 94
993805 47
328750 68
372899 55
74673 76
190702 12
644713 3
893618 81
587422 93
1362740 65
460230 54
113534 35
723887 31
914916 35
312449 51
1233091 65
885880 60
245213 4
791462 3
1165795 47
745144 11
619480 90
44265 26
810792 80
396018 74
764426 45
233 64
746752 36
915456 34
1170671 94
272950 42
2372461 63
304588 85
1360767 45
897845 92
402466 55
1417741 20
272677 28
509824 13
757071 29
1127919 93
1515768 70
595924 20
1448840 23
613809 11
1085766 43
572240 19
508874 27
197532 29
809047 74
402167 57
1685060 42
1554784 82
237183 29
263749 25
1775348 79
254748 32
937295 14
872497 67
139312 41
680732 65
1625483 37
835130 70
600296 12
28649 21
1976759 37
660586 12
1545841 41
28525 41
612400 39
1030524 87
175344 40
1039322 88
911813 74
374150 66
1616149 34
67453 47
1808208 31
306947 39
223509 15
918468 60
465379 20
697920 2
1130639 90
1278823 17
197117 17
94806 30
2436898 96
83621 57
1023343 17
941824 77
1167852 31
103847 51
1743766 16
646695 85
2539790 89
1132017 24
510901 37
896012 23
1391156 16
983664 49
602924 100
1264422 47
20909 3
87004 42
1093371 62
85120 60
218329 43
976371 71
376748 37
68520 94
294711 56
1748403 60
1047637 63
244124 55
1740940 53
919913 23
1149962 43
1230635 84
958764 1
1373446 37
1804755 58
533790 34
176731 9
1012820 26
582081 98
352148 12
746878 2
873234 77
695321 31
136109 61
734302 73
289082 60
1316440 41
12374 89
25115 79
254901 58
240511 59
1051292 91
827791 96
607448 71
337902 20
336823 52
307797 53
470425 47
1244961 63
966304 9
428523 72
223895 85
88052 61
183245 22
486211 36
1382727 6
722193 35
1439907 30
308224 44
1526058 56
1243125 67
284214 10
73112 73
820188 76
1569839 92
236007 3
234301 36
291924 1
327432 61
1575094 22
114547 95
910470 74
379442 46
1389323 25
362909 65
545043 10
288153 53
1836034 26
223304 19
1206818 16
354949 58
1829596 7
1736916 87
1522688 77
2236027 3
318156 92
3493 4
84489 5
454569 66
814130 11
465269 5
135210 47
1092445 35
741802 90
112299 34
1447295 87
346295 94
2076559 51
214557 4
1053044 36
343228 92
797904 82
1276583 74
438612 72
129472 68
55005 96
244099 2
466849 45
1941504 75
228948 42
1711582 20
70408 3
1445360 96
1303767 8
1059847 7
298587 41
792438 74
1091022 32
240747 97
801224 33
319875 8
1413808 47
1192702 15
1144177 67
452024 32
482909 13
1802867 88
1645448 35
1149565 85
58687 51
2007418 71
2302713 20
161620 82
266479 69
884848 19
80264 44
759101 30
193132 56
1976913 48
162597 70
1273086 63
2227348 55
864962 87
918827 55
138249 8
793501 26
720567 10
336827 78
1111587 67
530447 52
272294 97
643508 18
60474 61
1257651 68
466890 87
769474 26
63584 8
871412 74
855045 7
201674 81
641522 63
67311 34
2282889 96
1293338 8
41138 36
991085 66
1041993 57
909335 23
889629 52
1487981 9
710912 35
323431 40
1448357 41
214776 11
392814 88
539323 52
65225 91
755533 78
488598 15
198576 12
843695 66
138878 86
1002498 11
143743 81
781359 77
136611 72
247162 33
681909 94
1822256 92
619360 73
1804702 14
1456395 68
753713 65
51986 25
1290708 1
2252831 42
645868 43
1232503 51
166854 51
229104 13
79796 31
494270 18
515041 45
2019634 76
406557 31
746668 32
539982 26
2165347 24
119687 96
125901 84
1032029 86
726672 11
1409502 32
1114792 27
253696 69
361792 41
956367 25
167137 93
24115 62
1352267 11
602337 87
1110708 4
854251 34
1153993 29
278683 38
761851 15
1194849 34
745808 88
890099 26
272138 91
316561 46
820523 44
920246 9
981494 9
1099198 52
929590 19
217843 80
57420 26
107248 36
1202831 39
68797 76
1961884 61
818481 48
381363 69
232993 53
1689871 57
1758197 56
709554 95
1924924 63
648326 43
254693 7
651399 4
949725 90
2059771 50
2028655 38
2224140 54
2198132 78
819335 65
720211 89
26610 63
1173171 13
136466 11
59192 44
14913 84
535814 78
1407822 89
387401 45
820298 3
192314 29
581358 6
1744211 90
77676 96
580027 22
34686 61
1272654 92
1173597 24
258934 80
1332222 91
882799 35
1117248 6
786666 81
1825334 54
400381 81
1596698 79
294612 100
796367 6
227288 25
976574 78
862887 34
657276 2
1101315 36
462329 16
676196 11
330720 8
780366 2
1951020 21
87827 88
297149 47
472495 96
157249 63
131499 78
366094 83
1172263 76
2353685 85
23466 8
124474 5
987356 3
186261 71
201863 99
880019 90
1494200 80
816577 27
244635 32
218244 69
1352776 100
57269 25
211134 4
1675596 26
174354 86
84406 38
178497 18
1248754 73
974429 97
1622406 76
1699027 24
330311 14
512925 93
1108142 60
1898158 57
1684037 30
109599 90
15725 60
1296512 51
1218952 46
19453 42
1948042 80
1402252 51
692709 57
1181111 89
66203 86
245955 96
462236 7
633475 19
2450330 35
640979 80
113589 17
705703 85
1276106 12
370357 90
171511 98
718348 80
1025487 84
8000 74
659116 27
333099 81
247420 98
360092 75
1318495 65
35921 66
669381 10
824158 85
53056 4
1390284 84
1479456 18
954647 28
1526676 37
1224523 37
967903 31
411250 95
462935 97
977557 27
90764 36
1052638 4
1370567 100
176483 96
813476 91
986608 75
1454753 19
669874 4
421012 97
2218209 4
410609 26
887374 75
442565 66
1255361 25
227667 4
659569 17
1434746 5
1767772 98
567350 35
649640 68
596187 53
1479479 98
383951 92
693857 76
976076 63
357540 96
1570267 34
136779 28
367986 54
829313 26
888768 62
266848 54
562796 85
748457 32
368405 80
1069877 26
1241499 70
613343 45
733123 58
89554 63
1525128 45
1773469 96
565253 64
1262494 19
1172827 21
947489 48
422529 36
191751 66
32305 68
1287899 21
376799 44
1078525 73
184664 86
1655124 31
1472619 96
631921 7
170475 46
2016454 8
1696032 32
754531 5
185671 28
557385 80
1923068 40
408133 66
1513610 69
142529 25
341964 55
653928 41
532795 37
1707186 82
642107 77
1038637 62
1063108 74
1628479 35
464745 74
1477080 96
526679 19
420891 65
1299893 1
995558 60
368422 28
732356 69
592113 55
554963 65
495542 79
760777 16
137955 75
1157890 58
832042 62
1132836 15
642521 35
6019 3
316540 66
451808 70
77464 39
533380 65
1642147 49
562757 40
458934 24
402384 91
286204 26
375026 96
2219078 26
2084093 62
30443 16
1487066 53
1087694 9
368524 25
961883 100
182730 24
287532 39
418730 22
510889 85
1232386 64
653712 71
1669978 81
135916 50
1366007 6
179139 1
281667 7
788250 18
1917309 42
362410 81
160005 57
1050673 95
835142 3
117085 21
117421 61
189328 81
593546 72
1495019 96
83477 49
345438 19
865095 5
591858 31
1051439 76
196104 27
141704 38
1487793 14
1065707 41
656984 93
1755272 83
739125 39
297360 33
1354696 66
1243372 22
676554 6
1677250 32
1436308 43
1387008 56
387703 1
1841157 73
82861 66
624418 81
82997 85
1459760 6
1525759 50
177809 47
1143711 11
350787 26
1017917 87
2256038 46
1502499 70
268643 38
1106218 22
202389 55
114064 2
179566 45
703031 46
800408 89
122031 84
1277909 90
618455 47
1803480 34
28700 27
45581 74
626737 51
1526523 7
531091 72
463030 52
206244 43
2144530 3
638395 46
1213146 23
395182 48
1690516 51
2425985 24
26054 93
197622 64
228157 13
590747 48
347381 54
77779 55
1920280 75
1035663 80
1189712 13
561112 42
806914 93
1380767 58
73007 84
241354 47
328645 3
222409 34
116089 55
1591377 16
114504 62
681951 52
924920 68
655710 72
171050 61
166996 40
447578 47
1519962 51
225185 92
1201703 25
774159 28
1940325 15
408123 8
41963 14
843884 26
1155713 46
194421 90
927223 73
96210 90
1833974 23
2217398 64
1233492 84
778038 77
326023 20
756687 80
271350 94
395678 12
633692 40
914611 36
1240487 5
374974 100
233512 97
304087 57
629696 93
1329577 51
702033 20
794162 3
97981 43
1645561 62
143297 63
1060351 16
301786 35
763964 14
649553 20
1657331 15
1314014 16
1228412 79
14718 28
2431429 91
347450 42
1066672 12
640548 52
1443012 9
269565 91
95075 70
1118546 79
2404527 82
2149159 71
289069 36
205140 7
964485 32
2022177 6
1160062 54
1829390 26
1844131 6
23314 32
873945 25
1741545 32
12221 5
455582 53
668558 47
182603 38
682234 37
28424 29
515295 90
259785 81
364632 23
216902 59
213291 24
345575 38
838411 77
180978 83
888675 98
540563 18
3387 49
726725 68
735010 36
315445 40
1152767 22
722812 98
635063 98
1419311 48
510802 58
1035322 97
349844 76
828721 94
198237 71
54798 48
770565 33
1235021 60
5250 51
2411019 1
1015704 42
1299994 83
697366 4
355902 42
776167 20
1242981 80
1903169 19
587576 76
1509812 29
136554 38
1639639 69
1898725 12
187145 17
792690 78
668035 47
514685 71
12121 4
55457 19
544770 7
1338358 98
1218135 84
554170 66
77076 89
461347 56
1369404 75
1333267 67
1689812 58
672354 78
24247 74
863512 60
807054 41
525843 49
735454 18
1396607 26
1000796 67
165499 34
2299445 20
1444229 43
1420177 72
1636889 24
1360023 54
221147 37
279462 29
367877 65
8421 75
888804 69
1437051 37
646446 73
147902 8
473431 17
969137 29
135429 51
318915 98
1332423 7
829794 98
1156316 55
41750 56
1896268 1
796973 20
435280 83
91903 20
532018 12
373331 29
190880 86
110066 96
179952 66
682513 86
235121 93
26770 41
485782 16
1426486 79
1340289 34
865183 62
96802 58
1898629 85
886412 36
1055084 7
652430 31
27482 11
1819299 42
827529 49
643479 94
2561912 70
1907478 51
526299 15
2002764 70
4510 1
1391398 73
38996 86
1496264 47
216267 58
1450590 93
1042415 39
371011 71
1242447 93
474823 61
198832 30
124225 22
52620 74
1071136 76
1458396 55
813387 73
1335463 42
841320 100
10086 84
818173 97
827252 66
1164418 81
1435762 24
1189603 42
1637759 12
989355 40
1203469 2
26046 6
84803 70
1580186 33
10459 62
194797 60
469926 3
753264 48
1457398 18
48242 60
1243982 38
182090 91
12996 86
59795 25
7732 92
180651 87
992469 56
489974 2
468440 55
1425550 10
1527844 56
911563 60
28198 65
131654 13
1350038 83
446839 48
87616 52
512883 96
488165 80
36849 8
1075705 91
4061 22
190962 73
508553 27
1091355 57
1458795 95
594267 69
341005 98
484920 38
66873 35
879497 71
56621 83
1262453 72
591252 80
408762 27
883742 76
1791684 25
1085343 48
1329417 51
103517 91
1103696 97
1793881 12
336152 10
152945 48
1157510 68
339412 7
381909 100
2301313 30
943179 76
1845029 40
873347 23
278835 95
252142 86
530461 74
725616 39
222028 55
3295 66
2387524 93
116454 94
1673068 16
535318 48
2371778 98
226011 99
1387890 75
563996 7
109208 4
238709 36
1234409 87
1281403 61
889855 40
1689099 6
209607 70
626574 62
41091 5
1741825 49
441686 46
244387 97
924245 88
1312264 31
34475 99
725498 81
563038 75
786326 63
21914 12
879740 72
970374 53
238660 1
348654 87
1376468 77
791274 10
1454874 15
1125753 84
1805964 87
261041 25
1023092 49
1091038 81
72196 92
2524106 45
1186374 67
100403 26
1093942 23
93397 37
921186 68
846845 45
2007625 78
281406 34
471090 1
505010 89
585581 52
54674 59
425765 68
381895 41
1270250 91
982715 1
538141 88
1614120 22
442276 98
531304 76
80827 31
1490051 82
10945 31
2000147 59
21762 92
708574 21
854627 79
699176 1
82967 45
933197 32
8412 18
1282553 55
1096783 10
481807 83
718750 91
289988 23
214581 84
1428842 5
394584 92
682550 75
447220 18
374407 76
